1.596240000000000000e+18
1.596243600000000000e+18
1.596247200000000000e+18
1.596250800000000000e+18
1.596254400000000000e+18
1.596258000000000000e+18
1.596261600000000000e+18
1.596265200000000000e+18
1.596268800000000000e+18
1.596272400000000000e+18
1.596276000000000000e+18
1.596279600000000000e+18
1.596283200000000000e+18
1.596286800000000000e+18
1.596290400000000000e+18
1.596294000000000000e+18
1.596297600000000000e+18
1.596301200000000000e+18
1.596304800000000000e+18
1.596308400000000000e+18
1.596312000000000000e+18
1.596315600000000000e+18
1.596319200000000000e+18
1.596322800000000000e+18
1.596326400000000000e+18
1.596330000000000000e+18
1.596333600000000000e+18
1.596337200000000000e+18
1.596340800000000000e+18
1.596344400000000000e+18
1.596348000000000000e+18
1.596351600000000000e+18
1.596355200000000000e+18
1.596358800000000000e+18
1.596362400000000000e+18
1.596366000000000000e+18
1.596369600000000000e+18
1.596373200000000000e+18
1.596376800000000000e+18
1.596380400000000000e+18
1.596384000000000000e+18
1.596387600000000000e+18
1.596391200000000000e+18
1.596394800000000000e+18
1.596398400000000000e+18
1.596402000000000000e+18
1.596405600000000000e+18
1.596409200000000000e+18
1.596412800000000000e+18
1.596416400000000000e+18
1.596420000000000000e+18
1.596423600000000000e+18
1.596427200000000000e+18
1.596430800000000000e+18
1.596434400000000000e+18
1.596438000000000000e+18
1.596441600000000000e+18
1.596445200000000000e+18
1.596448800000000000e+18
1.596452400000000000e+18
1.596456000000000000e+18
1.596459600000000000e+18
1.596463200000000000e+18
1.596466800000000000e+18
1.596470400000000000e+18
1.596474000000000000e+18
1.596477600000000000e+18
1.596481200000000000e+18
1.596484800000000000e+18
1.596488400000000000e+18
1.596492000000000000e+18
1.596495600000000000e+18
1.596499200000000000e+18
1.596502800000000000e+18
1.596506400000000000e+18
1.596510000000000000e+18
1.596513600000000000e+18
1.596517200000000000e+18
1.596520800000000000e+18
1.596524400000000000e+18
1.596528000000000000e+18
1.596531600000000000e+18
1.596535200000000000e+18
1.596538800000000000e+18
1.596542400000000000e+18
1.596546000000000000e+18
1.596549600000000000e+18
1.596553200000000000e+18
1.596556800000000000e+18
1.596560400000000000e+18
1.596564000000000000e+18
1.596567600000000000e+18
1.596571200000000000e+18
1.596574800000000000e+18
1.596578400000000000e+18
1.596582000000000000e+18
1.596585600000000000e+18
1.596589200000000000e+18
1.596592800000000000e+18
1.596596400000000000e+18
1.596600000000000000e+18
1.596603600000000000e+18
1.596607200000000000e+18
1.596610800000000000e+18
1.596614400000000000e+18
1.596618000000000000e+18
1.596621600000000000e+18
1.596625200000000000e+18
1.596628800000000000e+18
1.596632400000000000e+18
1.596636000000000000e+18
1.596639600000000000e+18
1.596643200000000000e+18
1.596646800000000000e+18
1.596650400000000000e+18
1.596654000000000000e+18
1.596657600000000000e+18
1.596661200000000000e+18
1.596664800000000000e+18
1.596668400000000000e+18
1.596672000000000000e+18
1.596675600000000000e+18
1.596679200000000000e+18
1.596682800000000000e+18
1.596686400000000000e+18
1.596690000000000000e+18
1.596693600000000000e+18
1.596697200000000000e+18
1.596700800000000000e+18
1.596704400000000000e+18
1.596708000000000000e+18
1.596711600000000000e+18
1.596715200000000000e+18
1.596718800000000000e+18
1.596722400000000000e+18
1.596726000000000000e+18
1.596729600000000000e+18
1.596733200000000000e+18
1.596736800000000000e+18
1.596740400000000000e+18
1.596744000000000000e+18
1.596747600000000000e+18
1.596751200000000000e+18
1.596754800000000000e+18
1.596758400000000000e+18
1.596762000000000000e+18
1.596765600000000000e+18
1.596769200000000000e+18
1.596772800000000000e+18
1.596776400000000000e+18
1.596780000000000000e+18
1.596783600000000000e+18
1.596787200000000000e+18
1.596790800000000000e+18
1.596794400000000000e+18
1.596798000000000000e+18
1.596801600000000000e+18
1.596805200000000000e+18
1.596808800000000000e+18
1.596812400000000000e+18
1.596816000000000000e+18
1.596819600000000000e+18
1.596823200000000000e+18
1.596826800000000000e+18
1.596830400000000000e+18
1.596834000000000000e+18
1.596837600000000000e+18
1.596841200000000000e+18
1.596844800000000000e+18
1.596848400000000000e+18
1.596852000000000000e+18
1.596855600000000000e+18
1.596859200000000000e+18
1.596862800000000000e+18
1.596866400000000000e+18
1.596870000000000000e+18
1.596873600000000000e+18
1.596877200000000000e+18
1.596880800000000000e+18
1.596884400000000000e+18
1.596888000000000000e+18
1.596891600000000000e+18
1.596895200000000000e+18
1.596898800000000000e+18
1.596902400000000000e+18
1.596906000000000000e+18
1.596909600000000000e+18
1.596913200000000000e+18
1.596916800000000000e+18
1.596920400000000000e+18
1.596924000000000000e+18
1.596927600000000000e+18
1.596931200000000000e+18
1.596934800000000000e+18
1.596938400000000000e+18
1.596942000000000000e+18
1.596945600000000000e+18
1.596949200000000000e+18
1.596952800000000000e+18
1.596956400000000000e+18
1.596960000000000000e+18
1.596963600000000000e+18
1.596967200000000000e+18
1.596970800000000000e+18
1.596974400000000000e+18
1.596978000000000000e+18
1.596981600000000000e+18
1.596985200000000000e+18
1.596988800000000000e+18
1.596992400000000000e+18
1.596996000000000000e+18
1.596999600000000000e+18
1.597003200000000000e+18
1.597006800000000000e+18
1.597010400000000000e+18
1.597014000000000000e+18
