-2.616157369485251820e+02
-2.365236309245525490e+02
-2.114344604209417469e+02
-1.863431920951392442e+02
-1.844480877662010982e+02
-1.823324478697912809e+02
-1.803287534186951007e+02
-1.795472320744677575e+02
-1.791011277917245934e+02
-1.779892224452952405e+02
-1.767641133279311987e+02
-1.754270587112086162e+02
-1.737579423300696533e+02
-1.724213070930991876e+02
-1.710846718430838393e+02
-1.699715081244426926e+02
-1.685254437476975227e+02
-1.670764435906163783e+02
-1.658530119046737923e+02
-1.644069474142480942e+02
-1.635147388263953587e+02
-1.630715701879450421e+02
-1.620703517767088897e+02
-1.600658180452236934e+02
-1.582834976984002253e+02
-1.561674378314674527e+02
-1.552764873120579239e+02
-1.543859561481723972e+02
-1.532719534659594842e+02
-1.526040550795345894e+02
-1.517152012771844625e+02
-1.502666203395841649e+02
-1.490440269341937665e+02
-1.478184981174640882e+02
-1.318418531729564904e+02
-1.316999519856252334e+02
-1.316737930211945127e+02
-1.316396139915929382e+02
-1.316130274772649216e+02
-1.315262578895363959e+02
-1.314673151512232891e+02
-1.308773486222587508e+02
-1.297793813796356233e+02
-1.283438827294777127e+02
-1.267892660985734494e+02
-1.247860147549462653e+02
-1.227739069441330884e+02
-1.206447902590378760e+02
-1.186267774903970036e+02
-1.161580205037571716e+02
-1.141383195626734022e+02
-1.114460872251534909e+02
-1.089802809539681760e+02
-1.062880471190201206e+02
-1.029300313570575724e+02
-9.979844241433526975e+01
-9.711675458039924536e+01
-9.365818162514480605e+01
-9.087298400392722897e+01
-8.753057804839416178e+01
-8.407664599469026712e+01
-8.062651089375296465e+01
-7.795368285637552219e+01
-7.449975058742086276e+01
-7.104919320785853643e+01
-6.860574485673757295e+01
-6.560550958334188465e+01
-6.249459145330598631e+01
-5.949477705988493881e+01
-5.716454024264147193e+01
-5.405319883693621108e+01
-5.105085250213534920e+01
-4.871428823598467517e+01
-4.570519367573388791e+01
-4.336272495307397890e+01
-4.023662168906100334e+01
-3.722246618219267589e+01
-3.487704517490235645e+01
-3.141214603800966998e+01
-2.839714684047555338e+01
-2.560477791102493228e+01
-2.258977860074302413e+01
-1.979783133305871701e+01
-1.644487941937912012e+01
-1.298335390926963484e+01
-1.030293248164745634e+01
-6.840985032090922680e+00
-4.167734334043069033e+00
-3.712087027142614293e-01
2.413568050644598895e+00
5.759349571133471457e+00
8.543704578862355348e+00
1.188653350629051708e+01
1.467088862956346773e+01
1.801287407598405466e+01
2.146596386004085488e+01
2.380758918648768585e+01
2.659152274397202831e+01
2.993688257939923503e+01
3.305961208431107679e+01
3.573623738381814974e+01
3.919017091351839355e+01
4.186679622700495429e+01
4.532452570218075749e+01
4.766235522478583420e+01
5.100771513848604144e+01
5.379544477749477238e+01
5.781080456929484512e+01
6.059937774428880175e+01
6.394515945486764252e+01
6.639451515671282777e+01
6.973987513470844135e+01
7.252844833392859414e+01
7.587465183299913463e+01
7.933153789891888152e+01
8.200774156088961320e+01
8.513426700196114894e+01
8.781089242446839194e+01
9.059904391533341084e+01
9.394482571350300759e+01
9.740550764569449882e+01
1.000821330952242079e+02
1.035432368438663531e+02
1.062198623073736456e+02
1.093463879320117655e+02
1.120268093614974987e+02
1.154841172736828696e+02
1.181645387637369140e+02
1.216260645235719409e+02
1.249722681857099786e+02
1.277566236984825139e+02
1.311024055907643913e+02
1.335559789874479009e+02
1.369021826784719451e+02
1.396903342783576534e+02
1.430323202065246448e+02
1.453739457910839405e+02
1.488312538057685117e+02
1.515078793699133541e+02
1.549656091758839978e+02
1.573072347846713797e+02
1.607674952573024711e+02
1.637820732776129375e+02
1.665698031616892933e+02
1.699193812184264800e+02
1.723767507898120357e+02
1.763950635576490242e+02
1.795253858760123080e+02
1.828787605286334497e+02
1.856707086069954471e+02
1.890202870746621500e+02
1.918118134297586721e+02
1.944926574304624012e+02
1.976234024048381457e+02
2.009729811464584941e+02
2.037649295975461996e+02
2.071145084463236685e+02
2.099064570055031140e+02
2.132568797173335327e+02
2.160454533414626610e+02
2.193916573204179485e+02
2.221793872007652908e+02
2.255285443663465514e+02
2.289862744472035558e+02
2.316637439200574420e+02
2.351176770826226061e+02
2.374563495821224137e+02
2.402411264128215578e+02
2.436946378744839308e+02
2.470366233209045390e+02
2.493744523263519000e+02
2.528275421402255461e+02
2.555037460752171796e+02
2.589610543824909428e+02
2.612993053926115863e+02
2.647561918815749209e+02
2.674319740206187248e+02
2.704465527584292772e+02
2.739080795339422707e+02
2.765847053608574697e+02
2.800458103562657470e+02
2.827220143480967067e+02
2.855135410805788183e+02
2.888635419657136936e+02
2.923250689918850185e+02
2.956708513193244698e+02
2.991315346799869417e+02
3.014769573002475909e+02
3.049380626255179436e+02
3.082876419290212766e+02
3.114137472374350182e+02
3.147624828577286280e+02
3.172228069883026933e+02
3.202449808439396293e+02
3.230411494209640750e+02
3.263995900287046084e+02
3.298615399811129691e+02
3.325428074494377029e+02
3.360009598536487374e+02
3.387861581262055211e+02
3.414598303583596817e+02
3.449137632506964906e+02
3.482523726364353251e+02
3.507021490132567578e+02
3.540437121801177227e+02
3.568242696731932142e+02
3.601662549556136241e+02
3.629463908819678295e+02
3.659533762099634941e+02
3.692945179834230203e+02
3.720818263352546751e+02
3.750930306290790099e+02
3.778807608793577515e+02
3.812299185136404844e+02
3.835753414153089693e+02
3.870360252195159774e+02
3.903860267820799095e+02
3.931779760755275674e+02
3.961925556808550368e+02
3.989874585029048717e+02
4.023408357757873546e+02
4.047982070980536946e+02
4.081515846765702236e+02
4.112814883205655292e+02
4.139652877964289814e+02
4.174301920415283575e+02
4.197802575993515575e+02
4.232451622581747301e+02
4.259289624860130630e+02
4.289481852022210546e+02
4.317447780035011533e+02
4.352075732558204209e+02
4.378816671283091182e+02
4.413393979210717362e+02
4.436776474570633582e+02
4.471315799776071458e+02
4.494702516533844232e+02
4.529237622633690421e+02
4.567080531276795341e+02
4.593808812833973434e+02
4.623878657830087491e+02
4.648367979100758021e+02
4.681817367024627288e+02
4.711925192199075809e+02
4.739806715382222251e+02
4.769956739337417844e+02
4.797838262669667984e+02
4.831296090789489313e+02
4.862561376332133136e+02
4.889323418971343358e+02
4.923900728212821605e+02
4.957404976287639329e+02
4.981906957381685856e+02
5.015364785958105927e+02
5.039866767620564474e+02
5.073324596392666876e+02
5.107863927310131089e+02
5.132365910100066912e+02
5.165781541628900868e+02
5.189155605542576950e+02
5.223690719218079721e+02
5.253798546144341799e+02
5.280564809790063237e+02
5.311749921964491250e+02
5.341891505490782492e+02
5.379839916327221090e+02
5.413335722864253512e+02
5.437913661659301852e+02
5.471409469295867893e+02
5.502670535676976442e+02
5.536166344385131879e+02
5.567435851530623268e+02
5.594244315270962034e+02
5.628859606768720596e+02
5.658971654151717985e+02
5.686891160159557330e+02
5.713661644681320695e+02
5.748238956438708556e+02
5.781696787148981684e+02
5.806232529735081016e+02
5.839652380071336211e+02
5.867538125984846147e+02
5.902081677974034619e+02
5.928814183249296548e+02
5.960003513262063279e+02
5.986727579916102968e+02
6.017916911298647165e+02
6.051340985092070923e+02
6.074719270627248306e+02
6.104768025425355518e+02
6.125966424805587849e+02
6.143882335251173572e+02
6.158498882026274259e+02
6.175354395815592170e+02
6.182176785810455613e+02
