0.000000000000000000e+00
8.586738791322114039e+00
1.717347758264422808e+01
2.576021637396634389e+01
3.434695516528845616e+01
4.293369395661056842e+01
5.152043274793268779e+01
6.010717153925480005e+01
6.869391033057691232e+01
7.728064912189903168e+01
8.586738791322113684e+01
9.445412670454325621e+01
1.030408654958653756e+02
1.116276042871874807e+02
1.202143430785096001e+02
1.288010818698317053e+02
1.373878206611538246e+02
1.459745594524759440e+02
1.545612982437980634e+02
1.631480370351201543e+02
1.717347758264422737e+02
1.803215146177643931e+02
1.889082534090865124e+02
1.974949922004086318e+02
2.060817309917307512e+02
2.146684697830528421e+02
2.232552085743749615e+02
2.318419473656970808e+02
2.404286861570192002e+02
2.490154249483412912e+02
