1.238000000000000078e+01
1.237871261808987278e+01
1.235878603243292240e+01
1.233885944677597024e+01
1.231893286111901809e+01
1.229900627546206771e+01
1.227907968980511555e+01
1.225915310414816339e+01
1.223922651849121301e+01
1.221929993283426086e+01
1.219937334717730870e+01
1.217944676152035832e+01
1.215952017586340617e+01
1.213959359020645579e+01
1.213000000000000078e+01
1.213000000000000078e+01
1.213000000000000078e+01
1.213000000000000078e+01
1.213000000000000078e+01
1.213000000000000078e+01
1.213000000000000078e+01
1.213000000000000078e+01
1.213000000000000078e+01
1.213000000000000078e+01
1.213000000000000078e+01
1.213000000000000078e+01
1.213000000000000078e+01
1.211990757771648752e+01
1.210954540723455075e+01
1.209918323675261220e+01
1.208882106627067543e+01
1.207845889578873866e+01
1.206809672530680011e+01
1.205773455482486334e+01
1.204737238434292657e+01
1.203701021386098802e+01
1.202664804337905124e+01
1.201628587289711447e+01
1.200592370241517592e+01
1.196835702715975636e+01
1.187545971762944852e+01
1.180155636315375034e+01
1.160018461287818958e+01
1.013790579788139468e+01
9.216685107568729052e+00
8.337092485527863417e+00
7.132412755552356209e+00
5.747173119952874387e+00
4.378296008662734273e+00
3.369784112560482825e+00
2.168617691284227877e+00
1.370099177175109872e+00
1.131745348604361823e+00
9.146738472896507322e-01
8.434978489990461181e-01
7.269657685253121393e-01
3.815847234176032443e-01
1.534320210318226851e-01
1.975007617277368954e-03
-2.271093848013088501e-01
-4.618499959635913865e-01
-7.318016988002234990e-01
-1.042246157062340028e+00
-1.399257284063792905e+00
-1.737087561622848275e+00
-2.061018694790399230e+00
-2.229049240169843404e+00
-2.399561679890867882e+00
-2.558710256119589133e+00
-2.712038656184881269e+00
-2.849701263626756020e+00
-2.994449320850431473e+00
-3.143022018618145008e+00
-3.259529973438151540e+00
-3.335874998686315429e+00
-3.411092732687793116e+00
-3.496487840707411809e+00
-3.585109398633563593e+00
-3.676237621491257990e+00
-3.774111470484073472e+00
-3.855457981867178585e+00
-3.881265003303667527e+00
-3.897064163815795013e+00
-3.922073481125205152e+00
-3.936467929414918299e+00
-3.961622375107777039e+00
-3.978191939130226729e+00
-4.003021574613859102e+00
-4.020891540317515833e+00
-4.047452238370022215e+00
-4.064770261439022647e+00
-4.089999999999999858e+00
-4.106676186092125924e+00
-4.129999999999999893e+00
-4.150231706546439803e+00
-4.169999999999999929e+00
-4.196303173670118625e+00
-4.213775153129327045e+00
-4.242929311564608952e+00
-4.259806766063201522e+00
-4.352483711464996574e+00
-4.462818854648070932e+00
-4.565571735861514213e+00
-4.621483453788911788e+00
-4.672018918682031341e+00
-4.719882114999718326e+00
-4.771311255028980014e+00
-4.826714619068674494e+00
-4.879178302723818028e+00
-4.936881602487204646e+00
-4.988880560118609253e+00
-5.041008836828468453e+00
-5.100424068690947443e+00
-5.161479211528035016e+00
-5.220799517059957928e+00
-5.281030919915762567e+00
-5.341538186544722677e+00
-5.417720550347210562e+00
-5.622519081123924067e+00
-5.850577790484853935e+00
-5.987573280279550048e+00
-5.644257725887667831e+00
-5.571002000038943969e+00
-6.022700750780072276e+00
-6.199301050384181444e+00
-5.854808612241811261e+00
-6.142065561987125832e+00
-5.750537507896368972e+00
-6.017809980887689925e+00
-6.286714601914558997e+00
-5.514170880379026585e+00
-5.316300149031924605e+00
-5.216379392620105193e+00
-5.124803861881646050e+00
-5.038484536658571322e+00
-5.005309951521796030e+00
-5.075437801675473537e+00
-5.154454261011237826e+00
-5.201971744636432859e+00
-5.233446019911465186e+00
-5.258040022951131043e+00
-5.280000000000000249e+00
-5.280000000000000249e+00
-5.280000000000000249e+00
-5.280000000000000249e+00
-5.294158776820436785e+00
-5.330313308785198601e+00
-5.353065004115963532e+00
-5.377599440267868403e+00
-5.395051800138943143e+00
-5.417508831438021311e+00
-5.444747071933621285e+00
-5.464364036398003499e+00
-5.500000000000000000e+00
