0.000000000000000000e+00
-6.535671913393770183e-02
-5.335231447258337312e-03
-1.608261079866224463e-08
-2.822826417059332016e-10
6.887752590500895167e-10
-3.797673286953795468e-11
-2.585753833272974589e-10
-5.089972887617477681e-11
-9.185008309486875078e-11
-3.278977089848922333e-09
8.400746764891664498e-10
1.570093388636450982e-09
-8.833396236695989501e-10
-6.553957376809194102e-10
8.831939624087681295e-10
-3.008793214576144237e-11
3.538147552717418876e-10
-1.857018538942156738e-09
-1.401888383156801865e-09
-1.499933066639869139e-08
1.855033460174126958e-09
-2.591287184827706369e-10
4.088742677765822009e-09
-1.239787472684383829e-08
-1.863250620459666607e-08
-4.068311909577460028e-09
1.249100201050623582e-08
-2.132809484578501724e-10
-1.622789813637837142e-08
2.266240528570051538e-09
-1.864848986343758952e-08
4.664531605413912985e-08
3.433163175969866643e-08
2.779620977833019424e-09
-3.826961503250458918e-08
-6.907475391670914178e-08
-1.410209504726367413e-07
2.180847413768560727e-07
9.036012471597132389e-07
2.435970869463233157e-06
2.595353811896750074e-02
2.416447078574179841e-02
1.838487285077405886e-06
5.751896949846013740e-07
5.299258525326422387e-07
9.987549010048724085e-08
3.749715471457193416e-08
-9.306006631959462538e-09
-1.226979495783098173e-08
3.611594578956101032e-09
5.183308893208504742e-09
4.301186073973894963e-09
-4.208010828676833626e-09
-8.841238852141941607e-10
1.249541714543056514e-08
5.745848241645035159e-10
3.572123929984627466e-09
-7.570986504390475602e-09
8.841443133178472635e-10
-7.553262015846939903e-09
1.734197674352344620e-09
2.858887349077576800e-09
-1.438350771820751106e-09
5.295914817793345719e-10
-4.161515576583951770e-10
-1.253468440154392738e-10
-1.202432819980003842e-09
-1.315948239266617747e-09
6.149489806261954072e-10
9.551586188649707765e-10
9.255360922111321997e-10
9.964251646010779950e-10
-2.139462829120475362e-09
-7.764435316914841678e-09
1.226609924742660951e-08
-1.600570342930041079e-09
-3.351886768143685913e-09
9.563123626321612392e-10
-4.486784277446531632e-10
-1.699351770412249607e-10
-1.789579813604014191e-02
-1.680077219598175020e-02
-4.669420405889468384e-11
0.000000000000000000e+00
0.000000000000000000e+00
0.000000000000000000e+00
0.000000000000000000e+00
0.000000000000000000e+00
0.000000000000000000e+00
-2.107807262063943199e-10
3.139195570156516624e-10
1.421085471520200372e-13
-1.032764984643108619e-10
-5.329070518200751394e-15
0.000000000000000000e+00
0.000000000000000000e+00
0.000000000000000000e+00
0.000000000000000000e+00
-4.440892098500626162e-16
0.000000000000000000e+00
0.000000000000000000e+00
0.000000000000000000e+00
-4.440892098500626162e-16
0.000000000000000000e+00
0.000000000000000000e+00
0.000000000000000000e+00
0.000000000000000000e+00
0.000000000000000000e+00
0.000000000000000000e+00
0.000000000000000000e+00
0.000000000000000000e+00
4.440892098500626162e-16
-4.440892098500626162e-16
0.000000000000000000e+00
0.000000000000000000e+00
-4.440892098500626162e-16
0.000000000000000000e+00
-5.157305780703858034e-02
-1.515748366919877910e-02
-1.509903313490212895e-14
-8.881784197001252323e-16
0.000000000000000000e+00
4.440892098500626162e-16
0.000000000000000000e+00
0.000000000000000000e+00
0.000000000000000000e+00
-4.440892098500626162e-16
2.220446049250313081e-16
2.220446049250313081e-16
2.220446049250313081e-16
0.000000000000000000e+00
-6.661338147750939243e-16
2.220446049250313081e-16
2.220446049250313081e-16
4.440892098500626162e-16
5.142553050063725095e-13
7.907068333423694639e-10
4.134570410485594039e-07
2.318854682714643900e-06
1.257433547063868673e-05
5.263744973171835539e-05
5.671612440505402475e-05
1.874190453591273453e-04
9.883398609433768911e-05
2.262191390721701723e-04
5.428487609510090905e-05
-1.310052545674400548e-04
-1.865698290110739954e-03
1.521132581835393793e-04
3.835332141177427712e-04
2.433748215138753501e-04
2.349635405518024633e-04
-1.647956428112735960e-02
-5.226691701358054248e-02
-1.196633265873076057e-03
-4.855836533229629381e-05
-7.357683752929888854e-03
1.511283551922915080e-02
-7.283778015990005628e-03
-4.001596435532410734e-01
-2.875661804813134381e-05
8.881784197001252323e-16
2.753353101070388220e-14
0.000000000000000000e+00
-2.842170943040400743e-14
0.000000000000000000e+00
2.842170943040400743e-14
0.000000000000000000e+00
-2.842170943040400743e-14
0.000000000000000000e+00
2.842170943040400743e-14
4.999999999999857891e-01
0.000000000000000000e+00
0.000000000000000000e+00
0.000000000000000000e+00
0.000000000000000000e+00
0.000000000000000000e+00
0.000000000000000000e+00
0.000000000000000000e+00
0.000000000000000000e+00
0.000000000000000000e+00
0.000000000000000000e+00
0.000000000000000000e+00
0.000000000000000000e+00
0.000000000000000000e+00
0.000000000000000000e+00
0.000000000000000000e+00
0.000000000000000000e+00
0.000000000000000000e+00
0.000000000000000000e+00
0.000000000000000000e+00
0.000000000000000000e+00
0.000000000000000000e+00
0.000000000000000000e+00
0.000000000000000000e+00
0.000000000000000000e+00
0.000000000000000000e+00
0.000000000000000000e+00
0.000000000000000000e+00
0.000000000000000000e+00
0.000000000000000000e+00
0.000000000000000000e+00
0.000000000000000000e+00
0.000000000000000000e+00
0.000000000000000000e+00
0.000000000000000000e+00
0.000000000000000000e+00
0.000000000000000000e+00
0.000000000000000000e+00
0.000000000000000000e+00
0.000000000000000000e+00
0.000000000000000000e+00
0.000000000000000000e+00
0.000000000000000000e+00
0.000000000000000000e+00
0.000000000000000000e+00
0.000000000000000000e+00
0.000000000000000000e+00
0.000000000000000000e+00
0.000000000000000000e+00
0.000000000000000000e+00
0.000000000000000000e+00
